Burn.Unit,Herbbiommodel,mLightUptakeHerb,site,biomass,light_uptake,Plot,fire_frequency
103,123.880747502128,0.347125,103,123.880747502128,0.347125,3,0.8
104 S,70.107457976628,0.174708333333333,104 S,70.107457976628,0.174708333333333,24,0.8
105,103.738505171407,0.282541666666667,105,103.738505171407,0.282541666666667,5,0.5
106,94.2001788031813,0.251958333333333,106,94.2001788031813,0.251958333333333,6,0.667
107,44.0135079120545,0.0910416666666667,107,44.0135079120545,0.0910416666666667,7,0.333
108,38.8804848664835,0.0745833333333333,108,38.8804848664835,0.0745833333333333,8,0.333
110,39.7381545399207,0.0773333333333333,110,39.7381545399207,0.0773333333333333,10,0
111,25.9374697946134,0.0330833333333332,111,25.9374697946134,0.0330833333333332,11,0.1
113,24.0272055219579,0.0269583333333333,113,24.0272055219579,0.0269583333333333,13,0.1
209,24.4560403586765,0.0283333333333334,209,24.4560403586765,0.0283333333333334,9,0
301,21.6231314373234,0.01925,301,21.6231314373234,0.01925,18,0
