site,replicate_number_root,mean_colonisation,species,fire_frequency,percentage.mycorrhizal.success,light_uptake_herb,percent_cover,soil_inorganic_nitrogen,functional_group
104,1,20,Sorghastrum nutans,0.8,0.3,0.3644375,4.5,0.001395685667,grass
104,2,10.000000000000002,Asclepias tuberosa,0.8,0.59,0.3644375,3.5,0.001395685667,non-legume forb
104,4,30,Asclepias tuberosa,0.8,0.59,0.3644375,3.5,0.001395685667,non-legume forb
104,5,38.88888888888889,Asclepias tuberosa,0.8,0.59,0.3644375,3.5,0.001395685667,non-legume forb
104,6,50,Asclepias tuberosa,0.8,0.59,0.3644375,3.5,0.001395685667,non-legume forb
104,8,65,Asclepias tuberosa,0.8,0.59,0.3644375,3.5,0.001395685667,non-legume forb
104,9,0,Asclepias tuberosa,0.8,0.59,0.3644375,3.5,0.001395685667,non-legume forb
104,10,0,Asclepias tuberosa,0.8,0.59,0.3644375,3.5,0.001395685667,non-legume forb
105,1,35,Aster azureus,0.5,0.81,0.43983333,2.66666667,0.021831323,non-legume forb
105,2,19.999999999999996,Aster azureus,0.5,0.81,0.43983333,2.66666667,0.021831323,non-legume forb
105,3,16.666666666666664,Aster azureus,0.5,0.81,0.43983333,2.66666667,0.021831323,non-legume forb
105,4,20,Panicum perlongum,0.5,0.6,0.43983333,2.66666667,0.021831323,grass
105,5,15.789473684210522,Aster azureus,0.5,0.81,0.43983333,2.66666667,0.021831323,non-legume forb
105,6,0,Aster azureus,0.5,0.81,0.43983333,2.66666667,0.021831323,non-legume forb
105,7,0,Aster azureus,0.5,0.81,0.43983333,2.66666667,0.021831323,non-legume forb
105,8,0,Aster azureus,0.5,0.81,0.43983333,2.66666667,0.021831323,non-legume forb
105,9,0,Aster azureus,0.5,0.81,0.43983333,2.66666667,0.021831323,non-legume forb
106,1,0,Andropogon gerardii,0.667,0.7,0.26716667,17.97727273,0.0016563986,grass
106,2,0,Urtica dioica,0.667,0.3,0.26716667,3.5,0.0016563986,non-legume forb
106,4,70,Andropogon gerardii,0.667,0.7,0.26716667,17.97727273,0.0016563986,grass
106,5,36.8421052631579,Andropogon gerardii,0.667,0.7,0.26716667,17.97727273,0.0016563986,grass
106,6,0,Andropogon gerardii,0.667,0.7,0.26716667,17.97727273,0.0016563986,grass
106,7,50,Andropogon gerardii,0.667,0.7,0.26716667,17.97727273,0.0016563986,grass
106,8,70,Andropogon gerardii,0.667,0.7,0.26716667,17.97727273,0.0016563986,grass
106,9,40,Andropogon gerardii,0.667,0.7,0.26716667,17.97727273,0.0016563986,grass
107,1,10,Poa pratensis,0.333,0.7,0.1615,15.5,0.015628367,grass
107,2,70,Poa pratensis,0.333,0.7,0.1615,15.5,0.015628367,grass
107,3,40,Poa pratensis,0.333,0.7,0.1615,15.5,0.015628367,grass
107,5,33.333333333333336,Poa pratensis,0.333,0.7,0.1615,15.5,0.015628367,grass
107,6,0,Poa pratensis,0.333,0.7,0.1615,15.5,0.015628367,grass
107,7,80,Amphicarpa bracteata,0.333,0.12,0.1615,7.16666667,0.015628367,legume
107,8,41.666666666666664,Amphicarpa bracteata,0.333,0.12,0.1615,7.16666667,0.015628367,legume
108,1,46.666666666666664,Andropogon gerardii,0.333,0.63,0.08341667,15.5,0.028661023,grass
108,2,61.53846153846154,Andropogon gerardii,0.333,0.63,0.08341667,15.5,0.028661023,grass
108,3,30,Poa pratensis,0.333,0.99,0.08341667,NA,0.028661023,grass
108,4,63.33333333333333,Andropogon gerardii,0.333,0.63,0.08341667,15.5,0.028661023,grass
108,5,43.24324324324324,Amphicarpa bracteata,0.333,0.1,0.08341667,10.0652174,0.028661023,legume
108,6,7.692307692307695,Amphicarpa bracteata,0.333,0.1,0.08341667,10.0652174,0.028661023,legume
108,7,0,Andropogon gerardii,0.333,0.63,0.08341667,15.5,0.028661023,grass
108,8,5,Andropogon gerardii,0.333,0.63,0.08341667,15.5,0.028661023,grass
108,9,45.00000000000001,Andropogon gerardii,0.333,0.63,0.08341667,15.5,0.028661023,grass
108,10,0,Poa pratensis,0.333,0.99,0.08341667,NA,0.028661023,grass
110,1,0,Poa pratensis,0,0.7,0.01875,26.75,0.013088227,grass
110,2,0,Poa pratensis,0,0.7,0.01875,26.75,0.013088227,grass
110,3,0,Poa pratensis,0,0.7,0.01875,26.75,0.013088227,grass
110,4,0,Poa pratensis,0,0.7,0.01875,26.75,0.013088227,grass
110,5,0,Poa pratensis,0,0.7,0.01875,26.75,0.013088227,grass
110,6,0,Poa pratensis,0,0.7,0.01875,26.75,0.013088227,grass
110,7,0,Poa pratensis,0,0.7,0.01875,26.75,0.013088227,grass
111,1,0,Poa pratensis,0.1,0.8,0.08283333,3.5,0.001532658,grass
111,2,0,Poa pratensis,0.1,0.8,0.08283333,3.5,0.001532658,grass
111,3,30,Poa pratensis,0.1,0.8,0.08283333,3.5,0.001532658,grass
111,4,40,Poa pratensis,0.1,0.8,0.08283333,3.5,0.001532658,grass
111,5,20,Poa pratensis,0.1,0.8,0.08283333,3.5,0.001532658,grass
111,6,0,Poa pratensis,0.1,0.8,0.08283333,3.5,0.001532658,grass
111,7,10,Poa pratensis,0.1,0.8,0.08283333,3.5,0.001532658,grass
111,9,0,Poa pratensis,0.1,0.8,0.08283333,3.5,0.001532658,grass
209,1,0,Amphicarpa bracteata,0,0.6,0.026958333,7.966666667,0.003460077,legume
209,2,0,Amphicarpa bracteata,0,0.6,0.026958333,7.966666667,0.003460077,legume
209,3,0,Amphicarpa bracteata,0,0.6,0.026958333,7.966666667,0.003460077,legume
209,6,70,Amphicarpa bracteata,0,0.6,0.026958333,7.966666667,0.003460077,legume
209,7,40,Amphicarpa bracteata,0,0.6,0.026958333,7.966666667,0.003460077,legume
209,9,50,Amphicarpa bracteata,0,0.6,0.026958333,7.966666667,0.003460077,legume
301,1,0,Poa pratensis,0,0.5,0.01545833,NA,0.003482587,grass
301,2,0,Amphicarpa bracteata,0,0.69,0.01545833,12.5909091,0.003482587,legume
301,3,4.999999999999999,Amphicarpa bracteata,0,0.69,0.01545833,12.5909091,0.003482587,legume
301,4,0,Amphicarpa bracteata,0,0.69,0.01545833,12.5909091,0.003482587,legume
301,5,0,Poa pratensis,0,0.5,0.01545833,NA,0.003482587,grass
301,6,0,Poa pratensis,0,0.5,0.01545833,NA,0.003482587,grass
301,7,10.000000000000002,Amphicarpa bracteata,0,0.69,0.01545833,12.5909091,0.003482587,legume
301,8,50,Amphicarpa bracteata,0,0.69,0.01545833,12.5909091,0.003482587,legume
301,9,29.999999999999993,Amphicarpa bracteata,0,0.69,0.01545833,12.5909091,0.003482587,legume
301,10,0,Amphicarpa bracteata,0,0.69,0.01545833,12.5909091,0.003482587,legume
