species,site,tin_mass,wet_mass_dish,dry_mass_dish,dry_mass,wet_mass,total_root_length_mm,average_diameter_mm,volume_mm3,Total.Root.Length.m,SRL,Volume.cm3,RTD
Andropogon gerardii,104,1.0347,8.446,2.9631,1.9284,7.4113,NA,NA,NA,NA,NA,NA,NA
Ampicarpa bacteata,104,1.0347,1.671,1.1134,0.07869999999999999,0.6363000000000001,NA,NA,NA,NA,NA,NA,NA
Andropogon gerardii,106,1.0347,2.968,1.5426,0.5079,1.9333,690.620368,0.5888292,356.4025172,0.690620368,1.3597565820043316,0.3564025172,1.4250741099984578
Amphicarpa bracteata,111,1.0347,1.516,1.0979,0.06320000000000014,0.48130000000000006,1669.8207616666666,0.617122,1142.8633088333333,1.6698207616666667,26.421214583333274,1.1428633088333333,0.055299701645436905
Poa pratensis,301,1.0347,2.782,1.3668,0.33210000000000006,1.7473,1104.9181640000002,0.5647543333333334,842.4965158333333,1.104918164,3.3270646311351997,0.8424965158333333,0.39418560641940703
Amphicarpa bracteata,113,1.0347,2.039,1.1548,0.1201000000000001,1.0043000000000002,2975.253336,0.506835,1270.633005,2.975253336,24.773133522064928,1.2706330049999999,0.09451981770298822
Poa pratensis,209,1.0347,4.296,1.5427,0.508,3.2613000000000003,NA,NA,NA,NA,NA,NA,NA
Poa pratensis,104,1.0347,2.977,1.3296,0.29489999999999994,1.9423,121.993874,0.2285295,6.416634,0.121993874,0.4136787860291625,0.006416634,45.95867552988061
Andropogon gerardii,108,1.0347,1.953,1.1666,0.13190000000000013,0.9183000000000001,301.4435282,0.4362848,97.66993219999999,0.3014435282,2.2853944518574654,0.09766993219999999,1.350466791866987
Amphicarpa bracteata,107,1.0347,2.015,1.1481,0.11339999999999995,0.9803000000000002,1601.7063564,0.5070797,1503.1949974,1.6017063564,14.124394677248684,1.5031949973999998,0.07543931439110839
Sorghastrum nutans,107,1.0347,3.844,1.5756,0.5408999999999999,2.8093,241.78513844444444,0.37282577777777776,53.06291433333333,0.24178513844444444,0.4470052476325466,0.05306291433333333,10.193559980557168
Asclepias tuberosa,104,1.0347,15.682,7.3781,6.3434,14.647300000000001,NA,NA,NA,NA,NA,NA,NA
Poa pratensis,107,1.0347,4.3,1.5006,0.4659,3.2653,1498.351666,0.8909514999999999,7614.5152445,1.498351666,3.216037059454819,7.614515244500001,0.06118577283518103
Aster azureus,105,1.0347,4.843,1.8838,0.8491,3.8083,NA,NA,NA,NA,NA,NA,NA
Amphicarpa bracteata,106,1.0347,2.14,1.2488,0.21409999999999996,1.1053000000000002,NA,NA,NA,NA,NA,NA,NA
Amphicarpa bracteata,301,1.0347,1.824,1.1112,0.07650000000000001,0.7893000000000001,2671.6272615,0.5988800000000001,1917.468128,2.6716272615,34.92323217647058,1.9174681279999999,0.039896360665870746
Panicum perlongum,105,1.0347,6.017,3.0536,2.0189,4.9823,1293.4624450000001,0.80259,1442.0068437999998,1.293462445,0.6406768264896726,1.4420068437999998,1.400062703363988
Amphicarpa bracteata,209,1.0347,1.923,1.0998000000000001,0.06510000000000016,0.8883000000000001,2202.9927435,0.531157,1121.8097385,2.2029927435,33.84013430875567,1.1218097385,0.05803123093497744
Corylus americana,110,4.738,8.898,8.7,3.961999999999999,4.159999999999999,NA,NA,NA,NA,NA,NA,NA
Schizachyrium scoparium,111,1.0347,5.151,2.1146,1.0798999999999999,4.1163,NA,NA,NA,NA,NA,NA,NA
Urtica dioica,106,1.0347,6.536,2.1773,1.1425999999999998,5.5013,NA,NA,NA,NA,NA,NA,NA
Quercus elisoidialis,104,4.738,16.057,10.3,5.562,11.318999999999999,NA,NA,NA,NA,NA,NA,NA
Amphicarpa bracteata,110,1.0347,1.493,1.0991,0.06440000000000001,0.45830000000000015,434.84413600000005,0.5429029999999999,217.420808,0.43484413600000005,6.752238136645962,0.217420808,0.296199800710887
Aralia nudicalis,111,1.0347,2.953,1.6007,0.5660000000000001,1.9183,NA,NA,NA,NA,NA,NA,NA
Aralia nudicalis,113,4.738,10.667,6.6,1.8619999999999992,5.928999999999999,NA,NA,NA,NA,NA,NA,NA
Poa pratensis,111,1.0347,3.137,1.3079,0.2732000000000001,2.1023,NA,NA,NA,NA,NA,NA,NA
Solidago nemoralis,104,1.0347,8.99,3.2825,2.2478000000000002,7.9553,NA,NA,NA,NA,NA,NA,NA
Poa pratensis,108,1.0347,2.441,1.1991,0.1644000000000001,1.4062999999999999,190.8017615,0.29639525,22.97426025,0.1908017615,1.1605946563260334,0.02297426025,7.15583432115078
Amphicarpa bracteata,108,1.0347,1.714,1.1212,0.08650000000000002,0.6793,1006.662546,0.5463448125,435.7285404375,1.006662546,11.637717294797685,0.4357285404375,0.19851809549392463
Andropogon gerardii,105,1.0347,4.846,1.4545,0.41979999999999995,3.8113,1555.1111637500003,0.73457825,2575.647841,1.5551111637500004,3.7044096325631264,2.575647841,0.16298812023813466
Poa pratensis,110,1.0347,2.962,1.6216,0.5869,1.9273000000000002,1740.2451486666666,0.42142233333333334,527.8405396666667,1.7402451486666666,2.965147637871301,0.5278405396666667,1.1118888298549967
Corylus americana,107,5.6,39.7,20.9,15.299999999999999,34.1,NA,NA,NA,NA,NA,NA,NA
Quercus ellipsoidalis,111,5,19.1,11,6,14.100000000000001,NA,NA,NA,NA,NA,NA,NA
Quercus ellipsoidalis,106,7.3,37.1,19.8,12.5,29.8,NA,NA,NA,NA,NA,NA,NA
Quercus ellipsoidalis,113,7.3,34.3,19.1,11.8,26.999999999999996,NA,NA,NA,NA,NA,NA,NA
Amorpha canescans,105,4.9,37.2,21.3,16.4,32.300000000000004,NA,NA,NA,NA,NA,NA,NA
Corylus americana,108,26.1,162.6,NA,NA,136.5,NA,NA,NA,NA,NA,NA,NA
Corylus americana,301,23.6,107.5,NA,NA,83.9,NA,NA,NA,NA,NA,NA,NA
Corylus americana,209,7.3,44,NA,NA,36.7,NA,NA,NA,NA,NA,NA,NA
Corylus americana,105,4.8,46.5,NA,NA,41.7,NA,NA,NA,NA,NA,NA,NA
Amphicarpa bracteata,104,NA,NA,NA,NA,NA,1084.40712225,0.45472,324.379596,1.08440712225,NA,0.324379596,NA
Poa pratensis,106,NA,NA,NA,NA,NA,775.1072746,0.3851468,170.72727079999999,0.7751072746,NA,0.1707272708,NA
